                                   (1)                      (2)                      (3)                      (4)                      (5)           
                                   p10                      p25                      p50                      p75                      p90           
________________________________________________________________________________________________________________________________________________
(Intercept)                      109.83*                 142.754**                170.195**                209.619***               357.692***       
                                 (42.197)                 (49.278)                 (56.918)                 (61.693)                 (72.084)        
avg_commute                       -1.125                    0.51                    0.959                    0.765                    1.858          
                                 (1.117)                  (1.304)                  (1.506)                  (1.633)                  (1.908)         
female_wage_p75                   -1.666                  -3.728*                   -2.798                   -1.937                   -3.205         
                                 (1.398)                  (1.632)                  (1.885)                  (2.043)                  (2.388)         
male_wage_p75                     0.959                    2.999*                   2.538                    2.333                    3.821*         
                                 (1.077)                  (1.257)                  (1.452)                  (1.574)                  (1.839)         
female_epop                       37.035                   88.476                   49.749                   56.763                  -66.351         
                                (109.826)                (128.258)                (148.143)                (160.571)                (187.615)        
male_epop                         49.925                  -105.242                 -82.249                  -84.903                  -245.597        
                                (122.245)                (142.761)                (164.895)                (178.728)                 (208.83)        
________________________________________________________________________________________________________________________________________________
R2                                0.044                    0.057                    0.038                    0.036                    0.078          
N                                  115                      115                      115                      115                      115           
