                                   (1)                      (2)                      (3)                      (4)                      (5)           
                                   p10                      p25                      p50                      p75                      p90           
________________________________________________________________________________________________________________________________________________
(Intercept)                      89.994*                  102.383*                 138.617*                182.811**                316.855***       
                                 (41.851)                 (49.244)                 (57.167)                 (61.886)                 (72.972)        
avg_commute                       -0.831                   0.939                     1.32                     1.08                     2.38          
                                 (1.131)                   (1.33)                  (1.544)                  (1.672)                  (1.972)         
female_wage_p50                   -4.428                  -6.406*                   -4.166                   -2.818                   -3.132         
                                 (2.379)                   (2.8)                    (3.25)                  (3.518)                  (4.149)         
male_wage_p50                      2.76                    5.023*                   3.649                    3.496                    4.222          
                                 (1.724)                  (2.029)                  (2.355)                   (2.55)                  (3.007)         
female_epop                       72.124                  115.194                   61.915                   54.351                  -76.671         
                                (116.692)                (137.306)                (159.397)                (172.557)                (203.467)        
male_epop                         57.442                  -53.161                  -32.853                   -40.17                  -159.897        
                                (117.203)                (137.907)                (160.095)                (173.313)                (204.358)        
________________________________________________________________________________________________________________________________________________
R2                                0.062                    0.061                    0.032                    0.033                    0.058          
N                                  115                      115                      115                      115                      115           
