                                   (1)                      (2)                      (3)                      (4)                      (5)           
                                   p10                      p25                      p50                      p75                      p90           
________________________________________________________________________________________________________________________________________________
(Intercept)                       97.175                  177.221*                 209.201*                309.668**                491.853***       
                                 (55.412)                 (69.846)                 (80.92)                  (92.591)                (108.519)        
avg_commute                       -0.642                   0.889                    0.895                    -0.877                   -0.298         
                                 (1.431)                  (1.804)                   (2.09)                  (2.392)                  (2.803)         
female_wage_p75                   0.267                    -2.097                   -0.478                   -1.591                   -3.991         
                                  (1.49)                  (1.878)                  (2.176)                   (2.49)                  (2.918)         
male_wage_p75                     0.038                    2.273                    1.207                    2.675                    4.906*         
                                 (1.117)                  (1.409)                  (1.632)                  (1.867)                  (2.188)         
female_epop                       37.119                   68.146                  -126.594                 -172.376                 -448.66         
                                (124.618)                (157.079)                (181.982)                (208.229)                (244.051)        
male_epop                         -2.58                   -220.121                 -57.812                  -56.809                  -114.958        
                                (151.138)                (190.508)                (220.711)                (252.544)                (295.989)        
relative_sex_crime               747.004                   663.19                  1796.829                 1281.649                 1671.82         
                                (837.361)                (1055.483)               (1222.821)               (1399.185)               (1639.885)       
crime_rate                       198.885                   22.403                  -109.452                 -294.987                 -441.406        
                                (234.467)                (295.543)                (342.398)                (391.781)                (459.179)        
le_per_capita                    -871.787                 -574.41                  -374.424                 632.987                   734.43         
                                (588.147)                (741.352)                (858.887)                (982.761)                (1151.825)       
________________________________________________________________________________________________________________________________________________
R2                                0.096                     0.06                    0.063                    0.072                    0.163          
N                                   81                       81                       81                       81                       81           
