                                   (1)                      (2)                      (3)                      (4)                      (5)           
                                   p10                      p25                      p50                      p75                      p90           
________________________________________________________________________________________________________________________________________________
(Intercept)                       56.552                  124.16*                 237.165***                222.994*                 378.96**        
                                 (41.675)                 (48.027)                 (58.026)                 (87.547)                (115.269)        
avg_commute                       -0.135                   -0.58                    -0.464                   1.828                    0.981          
                                 (1.071)                  (1.234)                  (1.491)                  (2.249)                  (2.961)         
female_wage_p25                   0.041                    -0.581                   5.414                    12.008                   11.219         
                                  (2.98)                  (3.434)                  (4.149)                   (6.26)                  (8.242)         
male_wage_p25                     1.214                    2.613                    0.418                    -5.083                   -6.226         
                                 (2.599)                  (2.995)                  (3.618)                  (5.459)                  (7.188)         
female_epop                      108.931                   47.618                    6.07                   -27.059                   55.868         
                                (105.632)                (121.732)                (147.076)                (221.901)                (292.167)        
male_epop                        -114.677                 -138.482                -361.578*                 -352.976                 -500.009        
                                (112.974)                (130.193)                (157.299)                (237.324)                (312.473)        
relative_sex_crime               -42.592                   -3.705                  399.094                  866.793                  -909.123        
                                (663.094)                (764.158)                (923.256)                (1392.96)                (1834.045)       
crime_rate                       194.197                  -56.743                  -183.095                  84.212                  -247.647        
                                (183.408)                (211.361)                (255.367)                (385.284)                (507.285)        
le_per_capita                    -117.619                 438.956                   403.65                  582.703                   86.076         
                                (455.639)                (525.084)                (634.406)                (957.159)                (1260.246)       
________________________________________________________________________________________________________________________________________________
R2                                0.053                    0.039                     0.16                    0.168                    0.105          
N                                   81                       81                       81                       81                       81           
