                                   (1)                      (2)                      (3)                      (4)                      (5)           
                                   p10                      p25                      p50                      p75                      p90           
________________________________________________________________________________________________________________________________________________
(Intercept)                       59.227                  74.332*                 140.702**                153.917**                280.62***        
                                 (30.501)                 (34.555)                 (42.803)                 (57.456)                 (70.853)        
avg_commute                       -0.169                    0.47                    0.367                    1.636                    1.085          
                                 (0.824)                  (0.934)                  (1.156)                  (1.552)                  (1.914)         
female_wage_p50                   -2.253                   -1.899                   -0.068                   2.883                    4.411          
                                 (1.734)                  (1.965)                  (2.433)                  (3.267)                  (4.028)         
male_wage_p50                     1.469                    1.426                    1.636                    1.033                    -0.944         
                                 (1.257)                  (1.424)                  (1.764)                  (2.367)                  (2.919)         
female_epop                      155.233                  156.181                   42.715                  -17.264                  -31.852         
                                 (85.045)                 (96.35)                 (119.347)                (160.205)                 (197.56)        
male_epop                        -95.255                  -120.492                 -171.976                 -199.758                  -295.3         
                                 (85.417)                 (96.772)                (119.869)                (160.907)                (198.425)        
________________________________________________________________________________________________________________________________________________
R2                                0.047                    0.033                    0.038                    0.095                    0.058          
N                                  115                      115                      115                      115                      115           
