                                   (1)                      (2)                      (3)                      (4)                      (5)           
                                   p10                      p25                      p50                      p75                      p90           
________________________________________________________________________________________________________________________________________________
(Intercept)                      65.974*                  78.268*                 138.467**                 138.566*                264.286***       
                                 (29.399)                 (33.23)                  (40.972)                 (55.312)                 (68.03)         
avg_commute                       -0.441                   0.366                    0.278                     2.32                    1.669          
                                  (0.75)                  (0.848)                  (1.045)                  (1.411)                  (1.736)         
female_wage_p25                   -1.757                   -1.881                    1.93                    6.439                    6.521          
                                 (2.278)                  (2.575)                  (3.175)                  (4.286)                  (5.272)         
male_wage_p25                     1.697                    1.683                    1.913                    -1.852                   -2.583         
                                 (1.905)                  (2.153)                  (2.655)                  (3.584)                  (4.408)         
female_epop                      132.137                   146.41                   -2.991                  -18.241                  -25.611         
                                 (88.482)                (100.014)                (123.314)                (166.472)                (204.751)        
male_epop                        -96.328                  -121.622                 -152.904                 -152.409                 -263.088        
                                 (86.029)                 (97.241)                (119.896)                (161.857)                (199.076)        
________________________________________________________________________________________________________________________________________________
R2                                0.039                    0.029                    0.043                     0.09                    0.057          
N                                  115                      115                      115                      115                      115           
