                                   (1)                      (2)                      (3)                      (4)                      (5)           
                                   p10                      p25                      p50                      p75                      p90           
________________________________________________________________________________________________________________________________________________
(Intercept)                       61.63                  134.272**                245.817***                234.818*                 395.76**        
                                 (42.04)                  (48.377)                 (59.129)                 (88.993)                (116.076)        
avg_commute                       0.083                    -0.382                   -0.134                   1.665                    1.333          
                                 (1.086)                   (1.25)                  (1.527)                  (2.299)                  (2.998)         
female_wage_p75                   -1.145                   -1.525                   -0.411                   1.114                    -2.58          
                                 (1.131)                  (1.301)                   (1.59)                  (2.393)                  (3.121)         
male_wage_p75                     1.079                    1.566                    1.655                    1.483                    3.817          
                                 (0.848)                  (0.976)                  (1.192)                  (1.795)                  (2.341)         
female_epop                      142.776                   99.279                  114.099                   64.833                   137.46         
                                 (94.545)                (108.796)                (132.977)                (200.138)                (261.045)        
male_epop                        -145.34                  -181.261                -451.708**                -493.59*                 -692.03*        
                                (114.666)                 (131.95)                (161.277)                (242.731)                 (316.6)         
relative_sex_crime                12.229                   36.676                  778.563                  1591.297                 -110.426        
                                 (635.29)                (731.051)                (893.531)                (1344.817)               (1754.077)       
crime_rate                        180.5                   -89.036                  -177.644                 175.562                  -133.757        
                                (177.885)                (204.699)                (250.195)                (376.558)                (491.154)        
le_per_capita                    -149.813                 368.682                  368.051                  691.138                  256.979         
                                (446.216)                (513.477)                 (627.6)                 (944.574)                (1232.031)       
________________________________________________________________________________________________________________________________________________
R2                                0.067                    0.056                    0.155                    0.168                    0.121          
N                                   81                       81                       81                       81                       81           
