                                   (1)                      (2)                      (3)                      (4)                      (5)           
                                   p10                      p25                      p50                      p75                      p90           
________________________________________________________________________________________________________________________________________________
(Intercept)                      -29.558                   -6.452                   24.258                  55.441*                 108.323***       
                                 (41.264)                 (26.016)                 (19.579)                 (25.875)                 (25.96)         
avg_commute                       0.806                    0.253                    -0.178                   -0.48                    0.302          
                                 (1.092)                  (0.688)                  (0.518)                  (0.685)                  (0.687)         
female_wage_p75                   -1.201                   -0.131                    0.56                    -0.011                   -0.376         
                                 (1.367)                  (0.862)                  (0.648)                  (0.857)                   (0.86)         
male_wage_p75                     -1.188                   -0.393                   -0.138                   0.416                    0.624          
                                 (1.053)                  (0.664)                   (0.5)                    (0.66)                  (0.662)         
female_epop                       76.32                    8.901                    0.683                    3.637                    47.09          
                                 (107.4)                  (67.714)                 (50.959)                 (67.346)                 (67.567)        
male_epop                        101.841                   72.023                   29.208                   20.878                  -106.514        
                                (119.545)                 (75.371)                 (56.721)                 (74.961)                 (75.207)        
________________________________________________________________________________________________________________________________________________
R2                                0.095                    0.022                    0.025                    0.019                    0.029          
N                                  115                      115                      115                      115                      115           
