                                   (1)                      (2)                      (3)                      (4)                      (5)           
                                   p10                      p25                      p50                      p75                      p90           
________________________________________________________________________________________________________________________________________________
(Intercept)                       -8.353                   0.771                    22.209                  49.967*                 99.333***        
                                 (40.331)                 (24.844)                 (18.837)                 (24.557)                 (24.89)         
avg_commute                       -0.059                   -0.294                   -0.048                   -0.556                   0.479          
                                 (1.029)                  (0.634)                  (0.481)                  (0.627)                  (0.635)         
female_wage_p25                  -6.636*                   -2.043                   -0.065                   -0.226                   -1.362         
                                 (3.125)                  (1.925)                   (1.46)                  (1.903)                  (1.929)         
male_wage_p25                     1.492                    2.693                    0.975                    2.558                    2.089          
                                 (2.613)                   (1.61)                  (1.221)                  (1.591)                  (1.613)         
female_epop                      130.106                  -14.697                   -3.343                  -32.789                   42.528         
                                (121.386)                 (74.773)                 (56.694)                 (73.91)                  (74.911)        
male_epop                         23.113                   41.549                   23.931                   27.799                  -96.782         
                                (118.021)                  (72.7)                  (55.123)                 (71.861)                 (72.835)        
________________________________________________________________________________________________________________________________________________
R2                                0.065                    0.035                    0.023                    0.044                    0.034          
N                                  115                      115                      115                      115                      115           
