                                   (1)                      (2)                      (3)                      (4)                      (5)                      (6)                      (7)           
                                  model1                   model2                   model3                   model4                   model5                   model6                   model7         
________________________________________________________________________________________________________________________________________________________________________________________________
(Intercept)                      5.235**                  5.258**                  4.889**                  5.226***                  8.936                    8.014                    9.487          
                                  (1.7)                   (1.672)                  (1.659)                  (1.564)                   (5.06)                  (6.265)                  (5.766)         
lavg_commute                      0.204                    0.196                    0.273                    0.257                    0.235                                                            
                                  (0.42)                   (0.41)                   (0.4)                   (0.761)                  (0.758)                                                           
lrape_per_capita                  0.123                    0.108                    0.149                    0.141                    0.129                                             0.115          
                                 (0.098)                  (0.095)                   (0.11)                  (0.118)                  (0.117)                                           (0.132)         
lproperty_crime_per_capita          0.079                    0.088                    0.061                    0.065                    0.074                                             0.072          
                                 (0.079)                  (0.083)                  (0.092)                  (0.113)                  (0.113)                                           (0.109)         
lle_per_capita                    -0.004                   -0.001                   -0.006                   -0.005                   -0.011                                              0            
                                 (0.058)                   (0.06)                  (0.058)                  (0.045)                  (0.048)                                            (0.04)         
unemployment                                               -0.752                                                                                                                                      
                                                          (1.903)                                                                                                                                      
lmale_epop                                                                          -0.373                                                                                                             
                                                                                   (0.482)                                                                                                             
lfemale_wage_p50                                                                                             -0.051                   -1.352                   -1.281                   -1.32          
                                                                                                            (0.809)                  (2.018)                  (2.065)                  (2.002)         
lfemale_epop                                                                                                  -0.1                    4.761                    4.639                    4.943          
                                                                                                             (0.84)                   (6.2)                   (6.908)                  (6.573)         
lfemale_wage_p50:lfemale_epop                                                                                                              -1.692                   -1.698                   -1.783         
                                                                                                                                     (2.064)                  (2.333)                  (2.213)         
________________________________________________________________________________________________________________________________________________________________________________________________
R2                                0.053                    0.054                    0.055                    0.054                    0.055                    0.002                    0.054          
N                                 49636                    49636                    49636                    49636                    49636                    49636                    49636          
