                                   (1)                      (2)                      (3)                      (4)                      (5)                      (6)                      (7)           
                                  model1                   model2                   model3                   model4                   model5                   model6                   model7         
________________________________________________________________________________________________________________________________________________________________________________________________
(Intercept)                      4.99***                  4.976***                 5.167***                 4.093***                  -0.164                   -0.426                   -0.406         
                                 (0.446)                  (0.441)                  (0.441)                  (0.497)                  (1.643)                   (1.66)                  (1.693)         
lavg_commute                       0.12                    0.128                    0.088                    -0.164                   -0.168                                                           
                                 (0.129)                  (0.131)                  (0.124)                  (0.149)                  (0.141)                                                           
lrape_per_capita                  -0.004                   -0.021                   -0.017                   -0.032                   -0.034                                            -0.023         
                                  (0.04)                  (0.039)                  (0.039)                  (0.035)                  (0.032)                                           (0.032)         
lproperty_crime_per_capita          0.027                     0.04                    0.039                    0.035                    0.036                                             0.037          
                                 (0.033)                  (0.033)                  (0.033)                   (0.03)                  (0.028)                                           (0.028)         
lle_per_capita                    0.007                    0.011                    0.009                    0.004                    0.011                                             0.001          
                                 (0.016)                  (0.015)                  (0.015)                  (0.014)                  (0.014)                                           (0.014)         
unemployment                                               -0.937                                                                                                                                      
                                                          (0.612)                                                                                                                                      
lmale_epop                                                                          0.199                                                                                                              
                                                                                    (0.16)                                                                                                             
lfemale_wage_p25                                                                                            0.515***                 2.247***                 2.167***                  2.16**         
                                                                                                            (0.138)                  (0.665)                  (0.658)                  (0.676)         
lfemale_epop                                                                                                -0.355*                  -5.882**                 -5.877**                 -5.79**         
                                                                                                            (0.168)                  (2.111)                  (2.062)                  (2.149)         
lfemale_wage_p25:lfemale_epop                                                                                                             2.235**                  2.231**                   2.221*         
                                                                                                                                     (0.865)                  (0.827)                   (0.88)         
________________________________________________________________________________________________________________________________________________________________________________________________
R2                                0.003                    0.005                    0.004                    0.013                    0.016                    0.014                    0.016          
N                                 184497                   184497                   184497                   184497                   184497                   184497                   184497         
