                                   (1)                      (2)                      (3)                      (4)                      (5)                      (6)                      (7)           
                                  model1                   model2                   model3                   model4                   model5                   model6                   model7         
________________________________________________________________________________________________________________________________________________________________________________________________
(Intercept)                      3.814***                 3.756***                 4.798***                 2.998***                  -1.464                   -2.207                   -2.103         
                                 (0.808)                  (0.741)                  (0.771)                  (0.772)                  (2.832)                  (2.914)                   (2.85)         
lavg_commute                      0.048                    0.083                    -0.129                   -0.475                   -0.462                                                           
                                 (0.246)                  (0.238)                  (0.232)                  (0.367)                  (0.363)                                                           
lrape_per_capita                  0.037                    -0.035                   -0.039                   -0.056                   -0.051                                            -0.026         
                                 (0.058)                  (0.048)                  (0.049)                  (0.051)                  (0.048)                                           (0.045)         
lproperty_crime_per_capita          -0.044                   0.009                    0.018                     0.02                    0.017                                             0.022          
                                 (0.054)                  (0.039)                  (0.039)                  (0.037)                  (0.034)                                           (0.035)         
lle_per_capita                    -0.007                   0.007                    0.003                    -0.005                   0.001                                             -0.019         
                                 (0.029)                  (0.021)                  (0.022)                  (0.021)                  (0.022)                                           (0.025)         
unemployment                                             -3.988***                                                                                                                                     
                                                          (0.859)                                                                                                                                      
lmale_epop                                                                         1.104***                                                                                                            
                                                                                   (0.265)                                                                                                             
lfemale_wage_p50                                                                                            0.696**                   2.25*                    2.187*                   2.054*         
                                                                                                            (0.259)                   (0.89)                    (1)                    (0.986)         
lfemale_epop                                                                                                 0.049                    -5.726                   -6.455                   -5.726         
                                                                                                            (0.313)                  (3.447)                  (3.615)                  (3.612)         
lfemale_wage_p50:lfemale_epop                                                                                                              2.007                    2.352                    2.084          
                                                                                                                                     (1.228)                  (1.257)                  (1.263)         
________________________________________________________________________________________________________________________________________________________________________________________________
R2                                0.001                    0.017                    0.015                    0.016                    0.018                    0.015                    0.016          
N                                 184497                   184497                   184497                   184497                   184497                   184497                   184497         
