                                   (1)                      (2)                      (3)                      (4)                      (5)                      (6)                      (7)           
                                  model1                   model2                   model3                   model4                   model5                   model6                   model7         
________________________________________________________________________________________________________________________________________________________________________________________________
(Intercept)                      94.895*                   82.968                  154.268*                 94.471*                  162.722*                 94.895*                 179.399***       
                                 (46.166)                 (45.159)                 (66.287)                 (45.855)                 (68.863)                 (46.166)                 (51.238)        
avg_commute                        0.07                    0.183                    0.876                    0.852                    0.691                     0.07                                   
                                 (1.408)                  (1.377)                  (1.344)                  (1.911)                  (1.881)                  (1.408)                                  
rape_per_capita                 38138.483                43164.913*               55389.629*               45811.141                54887.285*               38138.483                51017.256*       
                                (21585.67)              (21577.249)              (25455.306)              (23921.131)              (26481.374)               (21585.67)              (24606.386)       
property_crime_per_capita         295.061                  294.494                  240.127                  296.874                  231.765                  295.061                  180.263         
                                (378.695)                (380.868)                 (393.64)                (373.844)                (377.643)                (378.695)                (403.068)        
le_per_capita                    328.935                  246.678                   88.785                  270.412                   77.451                  328.935                  236.023         
                                (663.165)                (659.122)                (606.962)                (660.249)                (574.672)                (663.165)                (501.019)        
unemployment                                               82.598                                                                                                                                      
                                                         (197.204)                                                                                                                                     
male_epop                                                                          -163.589                                          -186.44                                           -190.142        
                                                                                  (102.546)                                         (134.652)                                         (130.114)        
female_wage_p50                                                                                              -1.167                   0.443                                             0.742          
                                                                                                            (2.079)                  (2.708)                                           (2.233)         
________________________________________________________________________________________________________________________________________________________________________________________________
R2                                0.018                    0.019                    0.026                     0.02                    0.026                    0.018                    0.026          
N                                 46515                    46515                    46515                    46515                    46515                    46515                    46515          
