                                   (1)                      (2)                      (3)                      (4)                      (5)                      (6)                      (7)           
                                  model1                   model2                   model3                   model4                   model5                   model6                   model7         
________________________________________________________________________________________________________________________________________________________________________________________________
(Intercept)                      127.029                  175.8**                   72.308                  129.114*                 224.904                  127.029                  171.838         
                                 (70.911)                 (65.403)                (110.329)                 (65.434)                (122.781)                 (70.911)                 (92.711)        
avg_commute                       1.873                    1.409                     1.13                    -1.973                   -2.199                   1.873                                   
                                 (2.272)                  (2.167)                  (2.079)                   (2.61)                   (2.53)                  (2.272)                                  
rape_per_capita                   1883.4                 -18669.993               -14016.074               -35821.134               -23082.883                 1883.4                 -10768.366       
                               (40755.782)              (44909.927)              (48293.332)              (40243.324)              (44645.975)              (40755.782)              (46488.154)       
property_crime_per_capita        1741.445*                1743.763*                1792.075*                1732.537**               1641.158*                1741.445*                1805.038**       
                                 (711.05)                 (711.47)                (730.664)                 (647.92)                (651.835)                 (711.05)                 (618.58)        
le_per_capita                    402.724                  739.079                  624.058                  690.318                  419.501                  402.724                  -85.079         
                                (1094.317)               (1189.445)               (1086.514)               (1083.621)               (891.883)                (1094.317)               (705.006)        
unemployment                                              -337.747                                                                                                                                     
                                                         (298.411)                                                                                                                                     
male_epop                                                                          150.771                                           -261.666                                          -249.886        
                                                                                  (167.094)                                         (238.874)                                         (233.133)        
female_wage_p50                                                                                              5.736*                   7.995*                                           7.045**         
                                                                                                            (2.684)                  (3.393)                                           (2.702)         
________________________________________________________________________________________________________________________________________________________________________________________________
R2                                0.048                    0.053                    0.051                    0.074                    0.079                    0.048                    0.077          
N                                 46515                    46515                    46515                    46515                    46515                    46515                    46515          
