                                   (1)                      (2)                      (3)                      (4)                      (5)                      (6)           
                                1 hr Price                  Zero                   Marginal                1 hr Price                  Zero                   Marginal        
________________________________________________________________________________________________________________________________________________________________________
(Intercept)                     180.482**                  13.762                 160.607***               205.738***                 21.499                 171.303***       
                                 (59.273)                 (21.39)                  (43.772)                 (60.414)                 (21.825)                 (44.158)        
avg_commute                       -0.28                    -0.475                    0.2                     -1.166                   -0.746                   -0.175         
                                 (1.119)                   (0.5)                    (0.83)                  (1.182)                  (0.515)                  (0.828)         
male_epop                        -39.954                   70.676                  -141.444                 139.406                  125.623*                  -65.49         
                                (105.852)                 (37.666)                 (81.033)                (149.735)                 (58.01)                 (100.395)        
rape_per_capita                 10669.944                -5928.658                20380.035                21024.697                -2756.467                24764.977        
                               (20536.384)               (6177.041)              (18046.201)              (18404.017)               (6199.376)               (17581.02)       
property_crime_per_capita          76.798                   46.892                  -154.255                 -161.763                 -26.191                  -255.279        
                                (301.858)                (102.513)                (238.552)                (275.264)                (104.727)                (227.476)        
le_per_capita                    390.476                   14.838                  465.857                  312.316                   -9.107                  432.758         
                                (341.741)                (125.623)                (294.484)                (347.686)                (132.912)                (285.239)        
female_wage_p50                   2.585*                   1.027*                   1.149                   3.585**                  1.334**                   1.573          
                                 (1.167)                  (0.485)                  (0.887)                  (1.295)                  (0.483)                  (0.969)         
female_epop                                                                                                 -242.664                  -74.34                  -102.761        
                                                                                                            (136.28)                 (51.26)                  (89.37)         
________________________________________________________________________________________________________________________________________________________________________
R2                                0.008                    0.019                    0.013                    0.011                    0.021                    0.014          
N                                 184497                   184497                   184497                   184497                   184497                   184497         
