                                   (1)                      (2)                      (3)                      (4)                      (5)                      (6)                      (7)           
                                  model1                   model2                   model3                   model4                   model5                   model6                   model7         
________________________________________________________________________________________________________________________________________________________________________________________________
(Intercept)                       19.761                  54.044**                 -37.944                   20.974                   29.575                   19.761                   -3.969         
                                 (23.569)                 (20.065)                 (42.673)                 (19.213)                 (43.705)                 (23.569)                 (35.339)        
avg_commute                       0.866                     0.54                    0.083                    -1.37*                   -1.39*                   0.866                                   
                                 (0.776)                  (0.734)                  (0.632)                  (0.641)                  (0.657)                  (0.776)                                  
rape_per_capita                 -14295.547               -28743.264               -31062.202               -36217.793               -35073.979               -14295.547               -27289.613       
                               (18977.671)              (22596.064)              (23405.274)              (19472.988)              (19811.228)              (18977.671)              (19923.701)       
property_crime_per_capita         656.082*                 657.712*                 709.474*                650.903**                642.698**                 656.082*                746.291***       
                                 (282.73)                (282.953)                (287.425)                (231.104)                (234.275)                 (282.73)                (221.536)        
le_per_capita                     74.583                  311.019                  307.989                  241.796                  217.479                   74.583                  -101.481        
                                (405.723)                (410.581)                (374.827)                 (271.05)                (251.828)                (405.723)                (193.756)        
unemployment                                             -237.415*                                                                                                                                     
                                                          (108.16)                                                                                                                                     
male_epop                                                                          158.994*                                          -23.496                                           -16.049         
                                                                                   (73.541)                                          (84.787)                                          (84.071)        
female_wage_p50                                                                                             3.335***                 3.538***                                          2.937***        
                                                                                                            (0.598)                  (0.731)                                            (0.69)         
________________________________________________________________________________________________________________________________________________________________________________________________
R2                                0.037                    0.055                    0.062                    0.102                    0.102                    0.037                    0.096          
N                                 46515                    46515                    46515                    46515                    46515                    46515                    46515          
