                                   (1)                      (2)                      (3)                      (4)                      (5)                      (6)                      (7)           
                                  model1                   model2                   model3                   model4                   model5                   model6                   model7         
________________________________________________________________________________________________________________________________________________________________________________________________
(Intercept)                     388.591***               363.778***               306.515***               314.995***               307.241***               388.31***                442.891***       
                                (105.872)                 (92.493)                 (66.91)                  (66.195)                 (67.444)                (106.838)                (107.601)        
avg_commute                       -2.473                   -2.737                   -5.011                   -5.306                   -5.237                   -2.463                  -5.735*         
                                 (2.413)                  (2.355)                  (2.607)                  (2.761)                  (2.774)                   (2.44)                  (2.855)         
male_epop                        -128.927                                                                                                                     -139.128                 -205.173        
                                 (201.51)                                                                                                                    (297.854)                (293.058)        
rape_per_capita                  26931.17                23370.234                -11241.63                -9474.097                -12317.971               26470.778                14988.457        
                               (51703.316)              (52288.145)              (49040.829)              (49192.845)              (49571.194)              (53013.122)              (51990.552)       
property_crime_per_capita        -1199.209                -1181.818                 -836.573                 -839.589                 -821.168                -1193.455                -1042.475        
                                 (633.88)                (646.099)                 (618.7)                 (622.931)                (626.056)                (650.379)                (638.126)        
le_per_capita                    -118.626                 -164.168                  -87.3                   -254.411                 -132.251                 -116.306                 -16.295         
                                (1139.412)               (1137.787)               (1116.09)                (1119.067)               (1138.014)               (1149.062)               (1138.064)       
female_epop                                                -73.55                                                                                              11.671                  -170.429        
                                                         (168.972)                                                                                           (249.351)                (259.267)        
male_wage_p50                                                                       3.582                                              2.72                                             3.282          
                                                                                   (2.096)                                           (4.017)                                           (4.023)         
female_wage_p50                                                                                              4.516                    1.375                                             3.459          
                                                                                                            (2.854)                  (5.452)                                           (5.639)         
________________________________________________________________________________________________________________________________________________________________________________________________
R2                                 0.08                    0.077                    0.113                    0.108                    0.114                     0.08                     0.15          
N                                   73                       73                       73                       73                       73                       73                       73           
