                                   (1)                      (2)                      (3)                      (4)                      (5)           
                                   p10                      p25                      p50                      p75                      p90           
________________________________________________________________________________________________________________________________________________
(Intercept)                     838.54***                764.286***               813.483***               923.185***               796.207**        
                                 (178.92)                (191.673)                 (173.58)                (175.533)                (247.882)        
log(population)                 -49.51***                -48.472***               -48.362***               -48.249***               -60.096**        
                                 (12.575)                 (13.472)                  (12.2)                  (12.337)                 (17.422)        
unemployment                     -372.378                 -382.07                  -280.451                 -86.395                  203.843         
                                (435.902)                (466.972)                (422.893)                (427.651)                (603.916)        
avg_commute                       2.478                    4.559                    3.143                    3.275                    7.627          
                                 (3.648)                  (3.908)                  (3.539)                  (3.578)                  (5.053)         
female_wage_p50                   9.634                    6.089                    1.358                    0.797                    -2.592         
                                 (5.332)                  (5.712)                  (5.173)                  (5.231)                  (7.387)         
male_wage_p50                     -1.389                   0.185                    4.328                    4.148                    3.072          
                                 (3.769)                  (4.037)                  (3.656)                  (3.697)                  (5.221)         
female_epop                       86.639                  184.536                   37.155                   58.52                   135.046         
                                (248.549)                (266.265)                (241.132)                (243.845)                 (344.35)        
male_epop                        -386.957                 -324.621                  -167.5                  -305.342                 197.411         
                                (335.797)                (359.732)                (325.776)                (329.442)                (465.227)        
relative_sex_crime              -1132.571                 -1231.22                -1066.251                 -1819.23                -2844.074        
                                (1548.519)               (1658.894)               (1502.306)               (1519.209)               (2145.379)       
crime_rate                      -1020.396*               -1269.419*              -1541.202**              -1617.143**               -1356.234*       
                                (485.558)                (520.167)                (471.067)                (476.367)                (672.711)        
le_per_capita                    1644.708                 1502.664                 1881.13                  2154.572                3565.037*        
                                (1171.878)               (1255.406)               (1136.905)               (1149.697)               (1623.565)       
________________________________________________________________________________________________________________________________________________
R2                                0.336                    0.266                    0.325                    0.342                    0.201          
N                                   73                       73                       73                       73                       73           
