                                   (1)                      (2)                      (3)                      (4)                      (5)           
                                   p10                      p25                      p50                      p75                      p90           
________________________________________________________________________________________________________________________________________________
(Intercept)                     525.736***               434.281**                466.526**                450.759**                 270.335         
                                (133.405)                 (138.07)                (138.915)                (154.446)                (197.826)        
log(population)                  -23.654*                 -17.993                  -14.124                   -11.82                   -7.108         
                                 (9.033)                  (9.349)                  (9.406)                  (10.458)                 (13.395)        
unemployment                     -283.06                  -322.44                  -453.354                 -166.191                  11.156         
                                (387.459)                (401.006)                 (403.46)                (448.567)                (574.559)        
avg_commute                       -0.543                   0.766                    0.585                    0.062                    2.185          
                                  (3.15)                   (3.26)                   (3.28)                  (3.647)                  (4.671)         
female_wage_p50                   9.262                    6.083                    1.731                    2.075                    -0.811         
                                 (4.716)                  (4.881)                  (4.911)                   (5.46)                  (6.993)         
male_wage_p50                     -0.687                    1.05                    4.148                    3.427                    2.792          
                                 (3.295)                   (3.41)                  (3.431)                  (3.815)                  (4.886)         
female_epop                      112.474                   213.76                  119.521                  149.205                  236.842         
                                (223.444)                (231.257)                (232.672)                (258.685)                (331.343)        
male_epop                        -423.562                 -448.915                 -402.86                  -367.115                 -112.731        
                                (273.442)                (283.002)                (284.734)                (316.568)                (405.484)        
________________________________________________________________________________________________________________________________________________
R2                                0.225                    0.143                    0.112                    0.075                    0.027          
N                                   99                       99                       99                       99                       99           
