                                   (1)                      (2)                      (3)                      (4)                      (5)           
                                   p10                      p25                      p50                      p75                      p90           
________________________________________________________________________________________________________________________________________________
(Intercept)                     529.147***               433.129***               343.486***               312.404**                 216.362         
                                 (105.46)                (101.931)                 (96.919)                (104.926)                (128.815)        
log(population)                 -34.493***               -24.237**                 -11.897                   -6.83                    3.434          
                                 (9.572)                  (9.251)                  (8.797)                  (9.523)                  (11.691)        
unemployment                     -242.854                 -312.493                 -291.885                  41.849                  -117.883        
                                (263.743)                (254.917)                (242.385)                (262.409)                (322.152)        
avg_commute                       -0.628                   -1.046                   -2.165                   -2.994                   -2.249         
                                 (2.907)                   (2.81)                  (2.671)                  (2.892)                  (3.551)         
female_p25                        15.287                   12.674                   16.524                   19.127                   23.022         
                                 (10.281)                 (9.937)                  (9.448)                  (10.229)                 (12.558)        
male_p25                          0.351                     2.56                    -1.192                   -3.503                   -6.072         
                                 (7.985)                  (7.718)                  (7.339)                  (7.945)                  (9.754)         
female_num_jobs                   1.586                    1.094                    -0.137                   -0.305                   1.227          
                                 (1.719)                  (1.661)                   (1.58)                   (1.71)                   (2.1)          
male_num_jobs                     -1.079                   -0.617                   0.259                    0.525                    -0.906         
                                 (1.837)                  (1.775)                  (1.688)                  (1.828)                  (2.244)         
________________________________________________________________________________________________________________________________________________
R2                                0.202                    0.138                    0.096                    0.054                    0.067          
N                                  139                      139                      139                      139                      139           
