                                   (1)                      (2)                      (3)                      (4)                      (5)           
                                   p10                      p25                      p50                      p75                      p90           
________________________________________________________________________________________________________________________________________________
(Intercept)                     456.424***               391.694***               369.561***               426.327***               402.109**        
                                 (96.559)                 (97.576)                 (99.267)                (108.497)                (137.085)        
log(population)                 -28.621**                 -19.959*                 -10.648                   -9.063                   -3.467         
                                 (9.008)                  (9.103)                   (9.26)                  (10.121)                 (12.788)        
unemployment                     128.928                   3.254                   -117.726                  -6.032                  -284.804        
                                (251.168)                (253.813)                (258.211)                (282.221)                (356.583)        
avg_commute                       -2.081                   -2.492                   -2.065                   -2.01                    -0.795         
                                 (2.763)                  (2.792)                   (2.84)                  (3.104)                  (3.922)         
female_p75                        4.037                    5.043                    4.246                    3.187                    1.811          
                                 (2.833)                  (2.862)                  (2.912)                  (3.183)                  (4.021)         
male_p75                          2.243                    1.557                    -0.302                   -1.344                   -0.523         
                                 (2.341)                  (2.365)                  (2.406)                   (2.63)                  (3.323)         
female_num_jobs                   1.665                     1.08                    -0.358                   -0.799                   0.646          
                                 (1.446)                  (1.461)                  (1.487)                  (1.625)                  (2.053)         
male_num_jobs                     -1.121                   -0.561                   0.589                    1.231                    -0.029         
                                 (1.559)                  (1.575)                  (1.602)                  (1.751)                  (2.213)         
________________________________________________________________________________________________________________________________________________
R2                                0.203                    0.124                    0.057                    0.034                    0.024          
N                                  113                      113                      113                      113                      113           
