                                   (1)                      (2)                      (3)                      (4)                      (5)           
                                   p10                      p25                      p50                      p75                      p90           
________________________________________________________________________________________________________________________________________________
(Intercept)                      647.234*                 500.908*                 394.628                  526.563*                 304.493         
                                (248.143)                (233.627)                (199.053)                 (220.06)                (255.496)        
log(population)                  -51.846*                 -46.595*                 -34.748*                 -36.397*                 -24.846         
                                 (20.293)                 (19.105)                 (16.278)                 (17.996)                 (20.894)        
unemployment                     228.437                  196.303                  -18.124                    212                    -74.906         
                                (519.976)                (489.557)                (417.109)                (461.129)                (535.384)        
avg_commute                       -2.46                    -2.005                   -3.129                   -1.357                    2.78          
                                 (5.022)                  (4.729)                  (4.029)                  (4.454)                  (5.171)         
female_p25                        53.679                  78.243*                  76.689*                   54.687                   28.655         
                                 (38.83)                  (36.559)                 (31.148)                 (34.436)                 (39.981)        
female_p50                       -29.413                  -41.792                  -37.972                  -16.162                   34.133         
                                 (40.209)                 (37.857)                 (32.255)                 (35.659)                 (41.401)        
female_p75                        3.316                    3.385                    4.054                    -4.762                  -25.003         
                                 (17.212)                 (16.205)                 (13.807)                 (15.264)                 (17.722)        
female_num_jobs                   1.694                     2.41                    0.589                    0.371                    -1.177         
                                 (3.876)                  (3.649)                  (3.109)                  (3.437)                   (3.99)         
male_num_jobs                     0.191                    0.168                     1.18                    1.846                    1.745          
                                 (2.971)                  (2.797)                  (2.383)                  (2.635)                  (3.059)         
female_violence_share            110.221                  151.436                  148.227                   45.391                   68.817         
                                (138.051)                (129.975)                 (110.74)                (122.427)                (142.142)        
violence_per_capita              -56.116                  -94.719                  -136.543                 -147.564                 -111.569        
                                 (99.725)                 (93.891)                 (79.996)                 (88.439)                 (102.68)        
________________________________________________________________________________________________________________________________________________
R2                                0.328                    0.296                    0.328                    0.207                    0.211          
N                                   67                       67                       67                       67                       67           
