                                   (1)                      (2)                      (3)                      (4)                      (5)           
                                   p10                      p25                      p50                      p75                      p90           
________________________________________________________________________________________________________________________________________________
(Intercept)                      281.743                   136.7                   141.012                  206.486                  268.277         
                                (169.696)                 (171.42)                (155.919)                (177.888)                (214.803)        
log(population)                  -28.506*                 -22.835                   -9.099                   -0.775                   9.121          
                                 (13.553)                 (13.691)                 (12.453)                 (14.207)                 (17.155)        
unemployment                    1081.972*                 822.409                  373.668                  581.697                  166.049         
                                (497.823)                (502.881)                (457.408)                (521.857)                 (630.15)        
lt_highschool                    -466.891                -814.797*                -888.681*                -918.621*                -993.099*        
                                (387.826)                (391.765)                 (356.34)                (406.549)                (490.914)        
highschool                       377.803                  332.751                  277.941                  176.725                  -263.133        
                                 (284.79)                (287.683)                (261.669)                (298.539)                 (360.49)        
college_plus                     404.653                  214.632                  210.138                   328.62                  265.763         
                                (247.294)                (249.806)                (227.217)                (259.232)                (313.027)        
avg_commute                       1.312                    3.976                    2.418                    3.272                    3.708          
                                 (4.763)                  (4.811)                  (4.376)                  (4.993)                  (6.029)         
male_p25                          12.954                   17.559                   18.483                   25.313                   55.895         
                                 (22.085)                 (22.309)                 (20.292)                 (23.151)                 (27.955)        
male_p50                         -37.613                  -32.452                  -29.872                  -32.253                  -48.339         
                                 (20.457)                 (20.665)                 (18.797)                 (21.445)                 (25.895)        
male_p75                          11.862                   11.165                   6.737                    -1.373                   -4.241         
                                 (6.947)                  (7.018)                  (6.383)                  (7.282)                  (8.794)         
female_violence_share            188.249                  289.281*                322.504**                 287.592*                 326.669*        
                                (125.436)                 (126.71)                (115.252)                (131.492)                (158.778)        
violence_per_capita               19.166                  -23.953                  -62.133                   13.079                   84.802         
                                 (88.33)                  (89.228)                 (81.159)                 (92.595)                 (111.81)        
________________________________________________________________________________________________________________________________________________
R2                                0.417                    0.369                    0.376                    0.332                    0.368          
N                                   57                       57                       57                       57                       57           
