                                   (1)                      (2)                      (3)                      (4)                      (5)           
                                   p10                      p25                      p50                      p75                      p90           
________________________________________________________________________________________________________________________________________________
(Intercept)                      349.919*                 360.414*                497.514**                 401.256                  800.051         
                                (151.729)                (151.264)                (167.294)                (204.097)                (532.783)        
log(population)                  -29.535*                -31.739**                 -24.628                   -3.004                  -10.375         
                                 (11.999)                 (11.962)                 (13.229)                 (16.14)                  (42.132)        
unemployment                     -302.894                 -354.461                 -299.803                 -749.283                -2149.914*       
                                (288.977)                (288.091)                (318.622)                (388.715)                (1014.717)       
avg_commute                       1.912                    1.708                    -1.674                   -4.456                   -8.552         
                                  (2.83)                  (2.822)                  (3.121)                  (3.807)                  (9.939)         
female_p75                        9.028                   13.935*                  16.259**                 18.158*                   17.15          
                                 (5.403)                  (5.387)                  (5.958)                  (7.268)                  (18.973)        
male_p75                          -0.049                   -0.892                   -4.426                   -7.425                  -11.666         
                                 (3.179)                  (3.169)                  (3.505)                  (4.276)                  (11.162)        
female_num_jobs                   0.297                    0.211                    1.827                    0.516                    1.599          
                                 (2.453)                  (2.445)                  (2.704)                  (3.299)                  (8.612)         
male_num_jobs                     -0.789                   -0.07                    -0.673                   -0.122                   1.087          
                                 (1.882)                  (1.876)                  (2.075)                  (2.532)                  (6.608)         
female_violence_share             18.193                   6.912                   -102.674                 -70.407                   98.094         
                                 (89.305)                 (89.031)                 (98.467)                (120.128)                (313.587)        
violence_per_capita              -30.531                  -40.982                   -55.77                   48.371                   52.629         
                                 (62.976)                 (62.783)                 (69.437)                 (84.712)                (221.135)        
________________________________________________________________________________________________________________________________________________
R2                                0.221                    0.208                    0.187                    0.173                    0.108          
N                                   79                       79                       79                       79                       79           
