                                   (1)                      (2)                      (3)                      (4)                      (5)           
                                   p10                      p25                      p50                      p75                      p90           
________________________________________________________________________________________________________________________________________________
(Intercept)                     869.823***               771.767***               803.066***               906.566***               801.805**        
                                (182.123)                (195.213)                (175.464)                (177.604)                (252.816)        
log(population)                 -51.277***               -49.233***               -47.597***               -47.47***                 -59.54**        
                                 (12.528)                 (13.428)                 (12.07)                  (12.217)                 (17.391)        
unemployment                     -516.986                 -457.023                 -325.541                 -108.732                 169.602         
                                (447.689)                (479.866)                (431.321)                (436.579)                (621.464)        
avg_commute                       3.509                    5.146                    3.096                    3.266                     7.5           
                                 (3.534)                  (3.788)                  (3.405)                  (3.446)                  (4.906)         
female_wage_p25                  17.654*                   10.183                   5.727                    3.631                    2.012          
                                 (7.578)                  (8.122)                  (7.301)                   (7.39)                  (10.519)        
male_wage_p25                     -7.016                   -0.693                   6.054                    6.702                    -0.611         
                                 (6.469)                  (6.934)                  (6.233)                  (6.309)                   (8.98)         
female_epop                       74.279                  128.302                  -110.534                 -75.708                   115.47         
                                (264.145)                (283.131)                (254.488)                (257.591)                (366.677)        
male_epop                        -323.984                 -269.216                 -94.052                  -237.876                 220.316         
                                (333.002)                (356.936)                (320.827)                (324.738)                 (462.26)        
relative_sex_crime              -1946.462                -1645.597                -1145.093                -1803.506                -2852.718        
                                (1601.61)                (1716.726)               (1543.053)               (1561.865)               (2223.293)       
crime_rate                      -1284.274*               -1381.343*              -1509.835**              -1561.258**                -1366.33        
                                (499.565)                (535.472)                (481.301)                (487.168)                (693.477)        
le_per_capita                    1722.069                 1632.672                 1976.846                 2259.292                3397.356*        
                                (1166.412)               (1250.249)               (1123.767)               (1137.467)               (1619.169)       
________________________________________________________________________________________________________________________________________________
R2                                0.335                    0.264                    0.334                    0.349                    0.197          
N                                   73                       73                       73                       73                       73           
