                                   (1)                      (2)                      (3)                      (4)                      (5)           
                                   p10                      p25                      p50                      p75                      p90           
________________________________________________________________________________________________________________________________________________
(Intercept)                      120.926                  151.647                   50.118                   261.21                  124.941         
                                 (80.644)                (112.611)                (144.671)                (185.205)                (195.872)        
log(population)                   -10.19                  -11.065                   2.346                   -13.461                   14.304         
                                 (6.528)                  (9.116)                  (11.711)                 (14.992)                 (15.855)        
unemployment                      164.01                   52.053                  132.058                   135.96                   38.732         
                                (175.401)                (244.929)                (314.659)                 (402.82)                (426.021)        
avg_commute                       1.515                    2.208                    -0.131                   -0.235                   -1.628         
                                 (1.569)                  (2.192)                  (2.816)                  (3.604)                  (3.812)         
female_p75                        3.946                    3.981                    8.638                    8.932                    5.515          
                                 (2.737)                  (3.822)                   (4.91)                  (6.285)                  (6.647)         
male_p75                          -0.801                    -1.4                    -4.105                   -1.136                   -4.283         
                                 (1.742)                  (2.432)                  (3.124)                    (4)                     (4.23)         
female_num_jobs                   -0.536                   -0.908                   -0.115                   1.983                    1.476          
                                 (1.191)                  (1.663)                  (2.136)                  (2.734)                  (2.892)         
male_num_jobs                      0.09                     0.48                    -0.711                   -1.267                   -1.833         
                                 (0.912)                  (1.274)                  (1.636)                  (2.095)                  (2.215)         
female_violence_share             -36.06                  -16.711                  -25.811                  -115.044                 -81.291         
                                 (43.703)                 (61.027)                 (78.401)                (100.367)                (106.148)        
violence_per_capita              -38.974                  -79.982                  -42.787                  -42.136                  -111.525        
                                 (35.959)                 (50.212)                 (64.507)                 (82.581)                 (87.338)        
________________________________________________________________________________________________________________________________________________
R2                                0.163                    0.125                    0.117                    0.116                     0.15          
N                                   57                       57                       57                       57                       57           
