                                   (1)                      (2)                      (3)                      (4)                      (5)           
                                   p10                      p25                      p50                      p75                      p90           
________________________________________________________________________________________________________________________________________________
(Intercept)                      200.778                  215.951                   187.65                  309.173                  187.856         
                                (104.191)                 (120.16)                (145.255)                (176.218)                (162.297)        
log(population)                  -16.563                  -15.675                   -9.384                   -20.57                  -11.765         
                                  (8.52)                  (9.826)                  (11.879)                 (14.411)                 (13.272)        
unemployment                      0.653                   -100.731                 -184.584                 -155.905                 118.944         
                                (218.328)                 (251.79)                (304.378)                 (369.26)                (340.088)        
avg_commute                       1.618                    1.339                    -0.208                   -0.878                   0.349          
                                 (2.109)                  (2.432)                   (2.94)                  (3.567)                  (3.285)         
female_p25                       -14.067                  -12.221                   -4.622                  -21.192                   3.353          
                                 (16.304)                 (18.803)                 (22.73)                  (27.575)                 (25.397)        
female_p50                        19.764                   30.409                   26.353                   47.284                   22.855         
                                 (16.883)                 (19.471)                 (23.537)                 (28.555)                 (26.299)        
female_p75                         -3.6                   -11.626                  -12.934                  -12.865                   -9.446         
                                 (7.227)                  (8.335)                  (10.075)                 (12.223)                 (11.257)        
female_num_jobs                   -0.607                   -0.908                   0.296                    1.935                    1.882          
                                 (1.627)                  (1.877)                  (2.269)                  (2.752)                  (2.535)         
male_num_jobs                     0.331                     0.56                    -0.17                    -1.422                   -1.158         
                                 (1.247)                  (1.439)                  (1.739)                   (2.11)                  (1.943)         
female_violence_share            -18.906                  -13.693                   7.932                   -40.235                  -28.591         
                                 (57.965)                 (66.849)                 (80.811)                 (98.037)                 (90.292)        
violence_per_capita              -38.222                  -80.587                  -60.397                  -85.012                  -124.001        
                                 (41.872)                 (48.29)                  (58.376)                 (70.819)                 (65.224)        
________________________________________________________________________________________________________________________________________________
R2                                0.152                    0.211                    0.136                    0.209                    0.186          
N                                   67                       67                       67                       67                       67           
