                                   (1)                      (2)                      (3)                      (4)                      (5)           
                                   p10                      p25                      p50                      p75                      p90           
________________________________________________________________________________________________________________________________________________
(Intercept)                       92.432                   75.574                   97.698                  162.686                  249.082         
                                 (65.323)                 (87.248)                (121.726)                (144.999)                (166.636)        
log(population)                  -11.001*                 -15.624*                 -17.788                  -21.121                   -9.394         
                                 (4.982)                  (6.654)                  (9.284)                  (11.059)                 (12.709)        
unemployment                       4.44                    42.026                  -38.019                  303.173                  -383.257        
                                (162.965)                (217.664)                 (303.68)                (361.739)                 (415.72)        
lt_highschool                     0.597                    38.098                   93.144                  115.655                   251.48         
                                 (88.856)                 (118.68)                 (165.58)                (197.237)                 (226.67)        
highschool                       118.363                 390.951**                 385.901*                 262.303                   36.72          
                                 (99.567)                (132.986)                 (185.54)                (221.012)                (253.993)        
college_plus                      52.352                  192.582                  101.596                  202.597                  -12.298         
                                 (96.818)                (129.314)                (180.417)                 (214.91)                (246.979)        
avg_commute                       0.337                    1.043                     2.26                    3.655                    1.442          
                                 (1.387)                  (1.853)                  (2.585)                   (3.08)                  (3.539)         
male_wage_p25                     7.101*                   1.835                    5.015                    3.127                    9.252          
                                  (3.48)                  (4.648)                  (6.484)                  (7.724)                  (8.877)         
male_wage_p50                     -3.481                   -6.929                   -4.268                   -4.025                   -2.102         
                                 (3.313)                  (4.424)                  (6.173)                  (7.353)                   (8.45)         
male_wage_p75                     0.729                    3.251                    1.332                    0.749                    -0.991         
                                 (1.595)                   (2.13)                  (2.972)                   (3.54)                  (4.068)         
relative_sex_crime               -671.076                  778.12                  535.982                  207.166                  769.765         
                                (643.951)                (860.089)                (1199.98)                (1429.398)                (1642.7)        
crime_rate                       350.852                  388.214                  317.982                  297.664                  -560.797        
                                (197.986)                (264.439)                 (368.94)                (439.476)                (505.056)        
le_per_capita                    -43.907                  541.395                  981.187                  271.988                  461.567         
                                (474.496)                (633.757)                (884.207)                (1053.253)               (1210.425)       
________________________________________________________________________________________________________________________________________________
R2                                0.368                    0.278                    0.183                    0.111                     0.09          
N                                   73                       73                       73                       73                       73           
