                                   (1)                      (2)                      (3)                      (4)                      (5)           
                                   p10                      p25                      p50                      p75                      p90           
________________________________________________________________________________________________________________________________________________
(Intercept)                       70.066                  167.658                 382.806**                435.405**                597.029**        
                                 (66.668)                (100.164)                (130.024)                (147.074)                (173.574)        
log(population)                 -12.798**                 -11.234                   -13.42                  -18.032                   -7.46          
                                 (4.586)                   (6.89)                  (8.944)                  (10.117)                 (11.94)         
unemployment                     130.855                  -143.968                 -440.711                 -283.653                 -830.613        
                                 (163.88)                 (246.22)                (319.621)                (361.533)                (426.673)        
avg_commute                       0.904                    2.168                    3.535                    5.426                     3.23          
                                 (1.294)                  (1.944)                  (2.523)                  (2.854)                  (3.368)         
female_wage_p25                   -2.472                   -4.154                   0.243                    2.507                    -1.991         
                                 (2.774)                  (4.168)                   (5.41)                  (6.119)                  (7.222)         
male_wage_p25                     3.281                    2.791                    0.088                    -2.504                   3.468          
                                 (2.368)                  (3.558)                  (4.619)                  (5.224)                  (6.166)         
female_epop                     311.321**                 267.549                  393.197*                 487.663*                 100.676         
                                 (96.693)                (145.275)                (188.583)                (213.312)                (251.746)        
male_epop                        -51.569                  -191.728                -660.538**               -723.746**               -728.506*        
                                (121.898)                (183.144)                (237.742)                (268.917)                 (317.37)        
relative_sex_crime              -1117.125                 215.862                  106.423                  -524.699                 1018.21         
                                (586.283)                (880.854)                (1143.447)               (1293.388)               (1526.427)       
crime_rate                       237.682                  230.198                  209.735                  121.189                  -465.248        
                                 (182.87)                (274.751)                (356.658)                (403.426)                (476.115)        
le_per_capita                    -168.61                  132.903                   332.97                   -0.999                   318.13         
                                (426.976)                (641.504)                (832.744)                (941.942)                (1111.659)       
________________________________________________________________________________________________________________________________________________
R2                                0.419                    0.161                    0.178                    0.194                    0.129          
N                                   73                       73                       73                       73                       73           
