                                   (1)                      (2)                      (3)                      (4)                      (5)           
                                   p10                      p25                      p50                      p75                      p90           
________________________________________________________________________________________________________________________________________________
(Intercept)                       71.455                  156.456*                 241.884*                 208.092                  266.855*        
                                 (53.194)                 (70.885)                 (93.021)                (116.633)                (133.788)        
log(population)                  -9.641**                 -12.09*                   -6.09                    -14.96                   3.173          
                                  (3.55)                   (4.73)                  (6.207)                  (7.783)                  (8.928)         
unemployment                      25.958                  -209.823                 -371.48                  -75.751                  -432.739        
                                (158.662)                (211.428)                (277.455)                (347.881)                (399.051)        
avg_commute                       1.226                    2.884                     2.83                    4.791                    0.908          
                                  (1.19)                  (1.585)                   (2.08)                  (2.609)                  (2.992)         
female_wage_p75                   -0.643                   -0.916                   -0.516                   -0.671                   -0.529         
                                 (1.097)                  (1.462)                  (1.918)                  (2.405)                  (2.759)         
male_wage_p75                     -0.012                   -0.036                   -0.352                   -0.242                    0.5           
                                 (0.833)                   (1.11)                  (1.456)                  (1.826)                  (2.094)         
female_epop                      269.22**                298.786**                 474.14**                582.621**                 338.631         
                                 (82.874)                (110.436)                (144.924)                (181.709)                (208.437)        
male_epop                        -43.874                  -151.151                -550.821**                -409.198                 -486.895        
                                (108.859)                (145.062)                (190.364)                (238.684)                (273.792)        
________________________________________________________________________________________________________________________________________________
R2                                0.208                    0.166                    0.148                    0.126                     0.06          
N                                   99                       99                       99                       99                       99           
