                                   (1)                      (2)                      (3)                      (4)                      (5)           
                                   p10                      p25                      p50                      p75                      p90           
________________________________________________________________________________________________________________________________________________
(Intercept)                     192.767***               193.733***                172.02**                 166.843*                  56.244         
                                 (42.425)                 (48.61)                  (58.065)                 (75.381)                 (74.013)        
log(population)                 -11.875**                 -9.104*                   -3.186                   -3.652                   8.812          
                                 (3.851)                  (4.412)                   (5.27)                  (6.842)                  (6.717)         
unemployment                    -301.171**               -354.979**               -358.287*                 -356.396                 -243.236        
                                (106.101)                (121.567)                (145.213)                (188.519)                (185.097)        
avg_commute                       1.056                    0.404                    0.166                    0.413                    -0.613         
                                 (1.169)                   (1.34)                   (1.6)                   (2.078)                   (2.04)         
female_p25                        -5.264                   -2.278                   -5.489                    5.79                    3.846          
                                 (4.136)                  (4.739)                  (5.661)                  (7.349)                  (7.215)         
male_p25                          5.803                    4.211                    4.585                    -0.096                    1.29          
                                 (3.212)                  (3.681)                  (4.397)                  (5.708)                  (5.604)         
female_num_jobs                    0.02                    1.016                    1.757                    2.132                    1.672          
                                 (0.692)                  (0.792)                  (0.946)                  (1.229)                  (1.206)         
male_num_jobs                     0.061                    -0.935                   -1.846                   -2.362                   -1.965         
                                 (0.739)                  (0.847)                  (1.011)                  (1.313)                  (1.289)         
________________________________________________________________________________________________________________________________________________
R2                                0.202                    0.169                    0.121                    0.082                    0.064          
N                                  139                      139                      139                      139                      139           
