                                   (1)                      (2)                      (3)                      (4)                      (5)           
                                   p10                      p25                      p50                      p75                      p90           
________________________________________________________________________________________________________________________________________________
(Intercept)                      114.438                   147.52                   41.176                  241.889                  118.793         
                                 (80.999)                (112.958)                (144.218)                (183.162)                  (199)          
log(population)                   -9.941                  -10.788                   2.319                    -12.82                   13.112         
                                 (6.419)                  (8.952)                  (11.43)                  (14.516)                 (15.771)        
unemployment                     191.586                   84.302                  218.018                  196.641                  119.368         
                                (172.665)                 (240.79)                (307.427)                (390.444)                (424.204)        
avg_commute                       1.649                    2.385                    0.263                    -0.042                   -1.358         
                                 (1.553)                  (2.165)                  (2.765)                  (3.511)                  (3.815)         
female_p50                        5.873                    7.101                   14.981*                   17.378                   6.537          
                                 (3.982)                  (5.553)                   (7.09)                  (9.004)                  (9.783)         
male_p50                           -1.6                    -3.545                   -8.407                   -5.367                   -4.539         
                                 (3.283)                  (4.578)                  (5.845)                  (7.424)                  (8.066)         
female_num_jobs                   -0.546                   -1.022                   -0.45                     1.87                    1.219          
                                 (1.183)                   (1.65)                  (2.106)                  (2.675)                  (2.906)         
male_num_jobs                      0.1                     0.554                    -0.515                   -1.188                   -1.712         
                                 (0.911)                  (1.271)                  (1.623)                  (2.061)                  (2.239)         
female_violence_share            -37.038                   -19.06                  -35.621                  -110.412                 -97.135         
                                 (42.829)                 (59.728)                 (76.257)                 (96.849)                (105.223)        
violence_per_capita              -41.467                  -80.412                  -46.431                  -40.918                  -122.61         
                                 (35.617)                 (49.669)                 (63.415)                 (80.539)                 (87.503)        
________________________________________________________________________________________________________________________________________________
R2                                0.171                    0.136                    0.138                    0.151                    0.138          
N                                   57                       57                       57                       57                       57           
