                                   (1)                      (2)                      (3)                      (4)                      (5)           
                                   p10                      p25                      p50                      p75                      p90           
________________________________________________________________________________________________________________________________________________
(Intercept)                       40.911                   54.018                  118.427*                 147.514*                 162.569*        
                                 (29.665)                 (39.542)                 (50.718)                 (63.502)                 (72.353)        
avg_commute                       -1.005                   -0.338                    0.67                    0.568                     0.41          
                                 (0.841)                  (1.121)                  (1.438)                   (1.8)                   (2.051)         
female_wage_p50                   -1.272                   -0.761                   -1.272                   3.113                    0.607          
                                 (1.859)                  (2.478)                  (3.178)                  (3.979)                  (4.534)         
male_wage_p50                     0.206                    -1.009                   -0.598                   -3.356                   0.234          
                                  (1.32)                   (1.76)                  (2.258)                  (2.827)                  (3.221)         
female_epop                     241.945**                 298.422*                509.052***               529.269**                 360.162         
                                 (87.509)                (116.645)                (149.613)                (187.324)                (213.433)        
male_epop                        -94.202                  -119.008                -434.319**               -449.673*                 -295.209        
                                 (90.144)                (120.159)                 (154.12)                (192.966)                (219.862)        
________________________________________________________________________________________________________________________________________________
R2                                0.144                    0.097                     0.12                    0.099                    0.044          
N                                   99                       99                       99                       99                       99           
