                                   (1)                      (2)                      (3)                      (4)                      (5)                      (6)                      (7)           
                                  model1                   model2                   model3                   model4                   model5                   model6                   model7         
________________________________________________________________________________________________________________________________________________________________________________________________
(Intercept)                      129.56**                 102.183*                 93.293**                 98.145**                 93.294**                128.216**                129.988**        
                                 (46.924)                 (41.134)                 (30.013)                 (29.72)                  (30.063)                 (47.086)                 (48.845)        
avg_commute                       -0.066                   -0.202                   -0.511                   -0.223                   -0.233                   0.018                    -0.118         
                                  (1.03)                  (1.022)                  (1.141)                  (1.188)                  (1.187)                  (1.038)                  (1.242)         
male_epop                        -70.362                                                                                                                      -144.634                 -168.401        
                                 (83.598)                                                                                                                    (128.055)                (130.123)        
rape_per_capita                 23898.153                17968.995                12981.184                16637.252                14564.117                20905.491                18733.087        
                               (22628.874)              (22918.738)               (22022.87)              (22059.375)              (22135.205)              (23023.993)              (23209.027)       
property_crime_per_capita         -306.251                 -250.492                 -195.674                 -235.063                 -226.434                 -258.563                 -246.111        
                                (261.057)                (269.452)                 (258.07)                (260.956)                (260.929)                (269.054)                (271.246)        
le_per_capita                     345.12                  304.679                  311.475                  300.958                  376.742                  363.447                  459.022         
                                (510.655)                (510.907)                 (509.54)                (511.105)                (515.923)                (512.618)                (520.741)        
female_epop                                                -9.267                                                                                              82.113                   84.625         
                                                          (70.189)                                                                                           (107.024)                (114.678)        
male_wage_p50                                                                       0.543                                             1.793                                              2.11          
                                                                                   (0.927)                                           (1.717)                                           (1.737)         
female_wage_p50                                                                                              0.028                    -1.964                                            -1.999         
                                                                                                            (1.228)                  (2.268)                                           (2.398)         
________________________________________________________________________________________________________________________________________________________________________________________________
R2                                0.025                    0.016                    0.021                    0.016                     0.03                    0.033                    0.053          
N                                   81                       81                       81                       81                       81                       81                       81           
