                                   (1)                      (2)                      (3)                      (4)                      (5)                      (6)                      (7)           
                                  model1                   model2                   model3                   model4                   model5                   model6                   model7         
________________________________________________________________________________________________________________________________________________________________________________________________
(Intercept)                     57.862***                 64.389*                   58.029                  108.015                  107.623                   64.396                  107.157         
                                 (14.56)                  (28.893)                 (47.526)                 (74.437)                 (73.652)                 (39.612)                 (73.386)        
female_violence_share            -11.004                                                                     26.007                   25.556                                                           
                                 (24.805)                                                                   (34.077)                 (33.389)                                                          
log(population)                                           -4.733*                  -4.553*                   -1.706                   -1.804                   -2.432                   -1.956         
                                                          (2.155)                   (2.16)                  (3.494)                  (3.278)                  (3.005)                   (3.26)         
unemployment                                              -12.298                   12.937                  -101.246                 -99.565                  -76.582                   -72.34         
                                                          (76.65)                  (78.481)                (121.335)                (118.751)                 (108.64)                (112.894)        
lt_highschool                                              65.802                   70.705                  -92.937                  -91.905                  -40.895                   -55.66         
                                                          (44.421)                 (44.829)                 (96.462)                 (94.898)                 (79.001)                 (81.945)        
highschool                                                 36.953                   52.699                   9.455                    10.097                   0.271                    13.755         
                                                          (38.245)                 (39.487)                 (71.86)                  (70.858)                 (62.133)                 (70.443)        
college_plus                                              84.657*                  105.551*                  33.005                   33.089                   33.099                   41.339         
                                                          (38.448)                 (42.163)                 (72.932)                 (72.288)                 (58.335)                 (71.224)        
avg_commute                                                 0.18                     0.15                    1.146                    1.148                    0.728                    0.847          
                                                          (0.746)                  (0.759)                  (1.248)                  (1.237)                  (1.148)                  (1.169)         
log(female_p50)                                                                    -24.204                   7.887                    7.946                                             9.241          
                                                                                   (14.31)                  (34.411)                 (34.104)                                          (33.94)         
log(male_p50)                                                                       17.721                  -32.911                  -32.393                                           -28.434         
                                                                                   (19.309)                 (34.467)                 (33.657)                                          (33.138)        
violence_per_capita                                                                                          1.832                                                                                     
                                                                                                            (20.99)                                                                                    
________________________________________________________________________________________________________________________________________________________________________________________________
R2                                0.003                    0.071                    0.092                    0.111                     0.11                     0.09                    0.101          
N                                   80                      139                      139                       67                       67                       67                       67           
