                                   (1)                      (2)                      (3)                      (4)                      (5)                      (6)                      (7)           
                                  model1                   model2                   model3                   model4                   model5                   model6                   model7         
________________________________________________________________________________________________________________________________________________________________________________________________
(Intercept)                     100.548***                 28.227                   76.801                   93.763                   98.232                  -22.731                   99.566         
                                 (25.562)                 (45.186)                 (73.241)                (115.244)                (114.355)                 (67.711)                (113.376)        
female_violence_share            -28.144                                                                     7.414                    11.351                                                           
                                 (43.49)                                                                    (57.415)                 (56.658)                                                          
log(population)                                            1.381                    2.058                    4.651                    5.309                    4.115                    5.263          
                                                           (3.22)                  (3.243)                  (4.968)                  (4.792)                  (4.526)                  (4.753)         
unemployment                                               69.551                  113.837                   3.164                   -10.445                   13.984                   1.144          
                                                         (116.096)                (119.376)                (191.163)                (188.522)                (172.637)                (178.193)        
lt_highschool                                              16.638                   11.036                  -25.742                  -35.122                   9.244                    -20.64         
                                                          (68.298)                 (68.85)                 (155.773)                (154.007)                (133.565)                (135.052)        
highschool                                                 46.314                   70.285                   83.394                   76.497                   40.671                   79.85          
                                                          (60.518)                 (62.386)                (118.735)                 (117.44)                (108.004)                (115.441)        
college_plus                                               90.932                  132.87*                  102.191                  100.991                    71.3                   105.395         
                                                          (60.162)                 (65.751)                (118.034)                (117.407)                 (98.771)                (114.537)        
avg_commute                                                -0.468                   -0.28                    0.991                    1.054                    0.586                     0.94          
                                                           (1.1)                   (1.126)                  (1.868)                  (1.855)                  (1.741)                  (1.753)         
log(female_p50)                                                                    -30.168                   26.669                   26.633                                            26.827         
                                                                                   (22.412)                 (57.317)                 (57.022)                                          (56.622)        
log(male_p50)                                                                       -4.524                  -78.153                  -83.081                                           -81.981         
                                                                                   (29.73)                  (53.675)                 (52.622)                                          (51.975)        
violence_per_capita                                                                                         -19.264                                                                                    
                                                                                                            (35.644)                                                                                   
________________________________________________________________________________________________________________________________________________________________________________________________
R2                                0.005                    0.046                    0.061                    0.145                    0.142                    0.109                    0.141          
N                                   92                      159                      159                       79                       79                       79                       79           
