                                   (1)                      (2)                      (3)                      (4)                      (5)           
                                   p10                      p25                      p50                      p75                      p90           
________________________________________________________________________________________________________________________________________________
(Intercept)                      -36.003                   8.154                    99.8*                   136.194*                 124.537         
                                 (45.701)                 (31.67)                  (47.991)                  (59.4)                  (71.728)        
log(population)                   -3.479                   -1.607                    -5.4                    -6.544                   -2.42          
                                  (3.05)                  (2.113)                  (3.202)                  (3.964)                  (4.786)         
unemployment                     170.865                   49.922                  -176.418                 -265.802                 -309.107        
                                (136.314)                 (94.461)                (143.144)                (177.174)                (213.945)        
avg_commute                       0.045                    -0.81                    0.234                    1.304                    0.926          
                                 (1.022)                  (0.708)                  (1.073)                  (1.328)                  (1.604)         
female_wage_p75                   -0.059                   0.739                    0.572                    0.846                    2.543          
                                 (0.942)                  (0.653)                   (0.99)                  (1.225)                  (1.479)         
male_wage_p75                     0.559                    0.484                    0.784                    0.152                    -0.971         
                                 (0.715)                  (0.496)                  (0.751)                   (0.93)                  (1.123)         
female_epop                      -45.721                  -33.934                  -59.285                   87.613                  150.455         
                                 (71.201)                 (49.34)                  (74.769)                 (92.543)                 (111.75)        
male_epop                        150.047                   63.788                   17.65                   -113.146                 -189.374        
                                 (93.526)                 (64.811)                 (98.212)                 (121.56)                (146.789)        
________________________________________________________________________________________________________________________________________________
R2                                0.065                    0.155                    0.127                    0.101                    0.117          
N                                   99                       99                       99                       99                       99           
