                                   (1)                      (2)                      (3)                      (4)                      (5)           
                                   p10                      p25                      p50                      p75                      p90           
________________________________________________________________________________________________________________________________________________
(Intercept)                      -42.644                   -3.795                   87.721                  129.853*                 126.251         
                                 (45.149)                 (31.963)                 (48.215)                 (59.026)                 (70.665)        
log(population)                   -3.63                    -1.613                   -5.105                   -6.406                   -1.592         
                                 (3.057)                  (2.164)                  (3.265)                  (3.997)                  (4.785)         
unemployment                     171.529                   74.168                  -160.683                 -243.869                 -254.171        
                                (131.129)                 (92.833)                (140.035)                (171.435)                (205.237)        
avg_commute                       0.217                    -0.628                   0.398                    1.272                    0.248          
                                 (1.066)                  (0.755)                  (1.138)                  (1.394)                  (1.669)         
female_wage_p50                   -0.596                   0.761                    1.182                    1.348                    5.473*         
                                 (1.596)                   (1.13)                  (1.704)                  (2.087)                  (2.498)         
male_wage_p50                     1.389                    1.056                    0.964                    0.357                    -2.288         
                                 (1.115)                  (0.789)                  (1.191)                  (1.458)                  (1.745)         
female_epop                       -55.92                  -48.537                  -78.446                   69.895                  114.182         
                                 (75.621)                 (53.536)                 (80.757)                 (98.865)                (118.358)        
male_epop                        162.253                   85.435                   39.496                  -99.832                  -185.114        
                                 (92.542)                 (65.515)                 (98.827)                (120.987)                (144.842)        
________________________________________________________________________________________________________________________________________________
R2                                0.072                    0.125                    0.104                    0.097                    0.128          
N                                   99                       99                       99                       99                       99           
