                                   (1)                      (2)                      (3)                      (4)                      (5)                      (6)                      (7)           
                                  model1                   model2                   model3                   model4                   model5                   model6                   model7         
________________________________________________________________________________________________________________________________________________________________________________________________
(Intercept)                      19.108*                  48.897*                   22.952                   41.171                   39.266                  52.145*                   38.845         
                                 (9.285)                  (20.536)                 (33.248)                  (43.3)                  (43.043)                 (23.77)                  (43.189)        
female_violence_share             9.027                                                                      25.261                   23.072                                                           
                                 (15.819)                                                                   (19.822)                 (19.513)                                                          
log(population)                                           -3.763*                  -3.679*                   0.052                    -0.426                   -0.859                   -0.564         
                                                          (1.531)                  (1.511)                  (2.032)                  (1.916)                  (1.803)                  (1.919)         
unemployment                                               42.897                   64.384                  -113.053                 -104.89                  -94.258                  -80.312         
                                                          (54.479)                 (54.903)                 (70.58)                   (69.4)                  (65.192)                 (66.44)         
lt_highschool                                              21.422                   29.908                  -62.398                  -57.387                  -33.239                  -24.664         
                                                          (31.572)                 (31.361)                 (56.112)                 (55.46)                  (47.407)                 (48.226)        
highschool                                                 31.739                   46.059                   27.279                   30.399                   26.62                    33.701         
                                                          (27.183)                 (27.624)                 (41.801)                 (41.41)                  (37.285)                 (41.457)        
college_plus                                               28.631                   44.309                   7.705                    8.113                    -3.765                   15.561         
                                                          (27.327)                 (29.496)                 (42.424)                 (42.246)                 (35.006)                 (41.917)        
avg_commute                                                -0.028                   -0.138                   -0.273                   -0.267                   -0.443                   -0.538         
                                                           (0.53)                  (0.531)                  (0.726)                  (0.723)                  (0.689)                  (0.688)         
log(female_p50)                                                                    -24.707*                 -31.853                  -31.567                                           -30.398         
                                                                                   (10.011)                 (20.017)                 (19.931)                                          (19.974)        
log(male_p50)                                                                      27.072*                   20.795                   23.309                                            26.883         
                                                                                   (13.508)                 (20.05)                  (19.67)                                           (19.502)        
violence_per_capita                                                                                          8.902                                                                                     
                                                                                                            (12.21)                                                                                    
________________________________________________________________________________________________________________________________________________________________________________________________
R2                                0.004                    0.106                    0.153                    0.264                    0.257                    0.198                    0.239          
N                                   80                      139                      139                       67                       67                       67                       67           
