                                   (1)                      (2)                      (3)                      (4)                      (5)           
                                   p10                      p25                      p50                      p75                      p90           
________________________________________________________________________________________________________________________________________________
(Intercept)                       50.458                   42.289                  102.035                  103.825                   20.711         
                                 (59.206)                 (61.581)                 (67.35)                  (77.066)                 (77.814)        
log(population)                   -4.48                    -5.25                    -3.645                   -1.888                   2.954          
                                 (3.911)                  (4.068)                  (4.449)                  (5.091)                   (5.14)         
unemployment                      17.134                  -14.662                  -61.169                  -44.246                   21.247         
                                (140.845)                (146.494)                (160.218)                (183.331)                 (185.11)        
lt_highschool                    -140.311                 -91.507                  -128.544                 -124.478                 -97.034         
                                (125.707)                (130.749)                (142.998)                (163.627)                (165.215)        
highschool                       147.417                  172.851                   59.534                   14.23                    66.319         
                                 (95.514)                 (99.345)                (108.652)                (124.326)                (125.533)        
college_plus                      65.093                   107.93                   57.22                    92.651                   82.815         
                                 (88.778)                 (92.338)                (100.989)                (115.557)                (116.679)        
avg_commute                       1.208                    2.029                    1.558                    1.915                    1.636          
                                 (1.465)                  (1.524)                  (1.666)                  (1.907)                  (1.925)         
male_p25                          -6.176                   -2.932                   -1.792                   -1.878                   -1.295         
                                 (4.745)                  (4.935)                  (5.398)                  (6.176)                  (6.236)         
male_p50                          0.779                    -2.251                   -4.882                   -8.204                   -7.515         
                                 (4.488)                  (4.668)                  (5.105)                  (5.842)                  (5.898)         
male_p75                          -0.69                    -0.856                   0.924                    2.678                    3.304          
                                 (2.105)                   (2.19)                  (2.395)                   (2.74)                  (2.767)         
female_violence_share             55.41                    51.161                    29.6                    23.921                   9.014          
                                 (44.121)                 (45.89)                  (50.19)                  (57.43)                  (57.987)        
violence_per_capita               -7.555                   -0.623                   -5.797                  -17.634                  -19.173         
                                 (27.23)                  (28.323)                 (30.976)                 (35.444)                 (35.788)        
________________________________________________________________________________________________________________________________________________
R2                                0.171                    0.169                    0.093                    0.134                    0.164          
N                                   79                       79                       79                       79                       79           
