                                   (1)                      (2)                      (3)                      (4)                      (5)           
                                   p10                      p25                      p50                      p75                      p90           
________________________________________________________________________________________________________________________________________________
(Intercept)                      -52.857                   1.628                   -26.212                  -20.474                   75.376         
                                 (49.628)                 (39.936)                 (69.31)                  (95.685)                (139.638)        
log(population)                   -3.076                   1.542                    5.284                    0.649                    -3.68          
                                 (3.833)                  (3.085)                  (5.353)                   (7.39)                  (10.785)        
unemployment                    -256.932*                 -134.349                 -281.818                 -184.878                 -291.09         
                                 (105.06)                 (84.543)                (146.727)                 (202.56)                (295.608)        
avg_commute                       -0.575                   0.189                    0.629                    2.386                     -0.5          
                                 (0.945)                   (0.76)                  (1.319)                  (1.821)                  (2.658)         
female_p25                        3.245                    2.361                    3.027                     6.9                     15.167         
                                 (3.515)                  (2.828)                  (4.909)                  (6.776)                  (9.889)         
male_p25                          3.093                    -1.541                   -2.748                   -2.802                   -4.796         
                                 (2.901)                  (2.334)                  (4.051)                  (5.592)                  (8.161)         
female_num_jobs                   0.106                    -0.486                   -0.181                   -0.301                   1.048          
                                 (0.712)                  (0.573)                  (0.994)                  (1.372)                  (2.002)         
male_num_jobs                     -0.101                   0.091                    -0.423                   -0.421                   -0.477         
                                  (0.55)                  (0.442)                  (0.768)                   (1.06)                  (1.547)         
female_violence_share           126.183***                 15.021                   26.857                   20.045                   31.188         
                                 (25.903)                 (20.844)                 (36.176)                 (49.941)                 (72.882)        
violence_per_capita               36.518                   22.143                   41.275                   -4.388                   53.89          
                                 (21.143)                 (17.014)                 (29.528)                 (40.765)                 (59.49)         
________________________________________________________________________________________________________________________________________________
R2                                0.478                    0.142                    0.133                    0.102                     0.12          
N                                   57                       57                       57                       57                       57           
