                                   (1)                      (2)                      (3)                      (4)                      (5)           
                                   p10                      p25                      p50                      p75                      p90           
________________________________________________________________________________________________________________________________________________
(Intercept)                       36.633                   34.432                  77.009*                   60.681                   90.028         
                                 (33.448)                 (25.031)                 (37.285)                 (46.875)                 (61.395)        
log(population)                   -4.942                   -2.709                   -4.256                   -2.88                    -1.643         
                                 (2.911)                  (2.178)                  (3.245)                   (4.08)                  (5.343)         
unemployment                      4.279                   -31.677                  -167.323                 -161.249                 -150.867        
                                 (82.11)                  (61.447)                 (91.529)                (115.071)                (150.715)        
avg_commute                       0.081                    0.128                     1.01                    1.307                    -0.476         
                                 (0.884)                  (0.662)                  (0.986)                  (1.239)                  (1.623)         
female_p25                         4.41                    2.983                    4.531                    0.894                    6.573          
                                  (3.39)                  (2.537)                  (3.779)                  (4.751)                  (6.223)         
male_p25                          -0.272                   0.114                    -2.098                   1.881                    -0.532         
                                 (2.806)                   (2.1)                   (3.128)                  (3.933)                  (5.151)         
female_num_jobs                   0.065                    -0.072                   0.078                    0.474                    0.126          
                                 (0.466)                  (0.348)                  (0.519)                  (0.652)                  (0.855)         
male_num_jobs                     0.045                    0.079                    -0.182                   -0.656                   -0.079         
                                  (0.5)                   (0.374)                  (0.558)                  (0.701)                  (0.918)         
________________________________________________________________________________________________________________________________________________
R2                                0.061                    0.056                     0.07                    0.057                     0.05          
N                                  113                      113                      113                      113                      113           
