                                   (1)                      (2)                      (3)                      (4)                      (5)           
                                   p10                      p25                      p50                      p75                      p90           
________________________________________________________________________________________________________________________________________________
(Intercept)                       13.556                   26.004                   49.418                   70.146                   78.392         
                                 (38.156)                 (23.515)                 (36.07)                  (45.888)                 (53.704)        
avg_commute                       -1.072                  -2.14**                  -2.179*                   -1.999                   -1.683         
                                 (1.015)                  (0.626)                   (0.96)                  (1.221)                  (1.429)         
female_wage_p75                    0.27                    1.289                    1.017                    1.691                    3.915*         
                                 (1.091)                  (0.672)                  (1.031)                  (1.312)                  (1.535)         
male_wage_p75                     0.392                    0.218                    0.663                    -0.088                   -1.946         
                                 (0.821)                  (0.506)                  (0.776)                  (0.987)                  (1.155)         
female_epop                      -81.013                  -51.746                  -61.396                   29.877                   48.011         
                                 (89.072)                 (54.894)                 (84.204)                (107.122)                (125.368)        
male_epop                        100.316                   94.756                   75.033                   7.099                    20.644         
                                 (106.03)                 (65.346)                (100.235)                (127.516)                (149.237)        
relative_sex_crime               -323.973                -811.483*                 -950.923                -1089.002                 -441.802        
                                (591.967)                (364.825)                 (559.61)                (711.922)                (833.189)        
crime_rate                      -427.045*                 -168.505                  -18.59                   94.35                   -103.606        
                                (178.009)                (109.706)                (168.279)                 (214.08)                (250.546)        
le_per_capita                    -60.358                   -4.876                  -201.698                 -100.86                   -1.907         
                                (402.574)                (248.103)                 (380.57)                (484.151)                (566.621)        
________________________________________________________________________________________________________________________________________________
R2                                0.129                    0.294                    0.179                    0.113                     0.12          
N                                   73                       73                       73                       73                       73           
