                                   (1)                      (2)                      (3)                      (4)                      (5)           
                                   p10                      p25                      p50                      p75                      p90           
________________________________________________________________________________________________________________________________________________
(Intercept)                      -45.117                   -4.072                   74.868                  162.899                  242.283*        
                                 (66.438)                 (41.96)                  (66.498)                 (82.453)                 (94.609)        
log(population)                   -4.665                   -4.803                   -5.66                    -9.393                  -10.502         
                                  (4.67)                  (2.949)                  (4.674)                  (5.795)                   (6.65)         
unemployment                     294.994                  197.847                   11.72                   -118.364                 -295.732        
                                (161.862)                (102.226)                (162.008)                 (200.88)                (230.496)        
avg_commute                       -0.61                    -1.41                    -0.908                   -0.064                   0.425          
                                 (1.354)                  (0.855)                  (1.356)                  (1.681)                  (1.929)         
female_wage_p50                   -1.941                   0.771                    1.038                    2.288                   7.812**         
                                  (1.98)                   (1.25)                  (1.982)                  (2.457)                  (2.819)         
male_wage_p50                     2.451                    1.199                    1.372                    0.363                    -3.939         
                                 (1.399)                  (0.884)                  (1.401)                  (1.737)                  (1.993)         
female_epop                       -51.62                  -40.482                  -59.187                   29.528                   19.688         
                                 (92.293)                 (58.289)                 (92.376)                (114.541)                (131.428)        
male_epop                        240.365                  204.887*                 114.321                   -11.38                  -78.964         
                                (124.691)                 (78.75)                 (124.803)                (154.748)                (177.562)        
relative_sex_crime               -422.988                -929.921*                -1130.616                -1268.978                 -512.598        
                                (575.007)                (363.153)                (575.526)                (713.615)                (818.823)        
crime_rate                      -489.404**               -233.675*                 -102.316                 -22.944                  -208.233        
                                (180.301)                (113.871)                (180.463)                (223.763)                (256.752)        
le_per_capita                    218.549                  210.987                   45.852                  253.378                  213.598         
                                 (435.15)                (274.824)                (435.543)                (540.044)                (619.664)        
________________________________________________________________________________________________________________________________________________
R2                                0.213                    0.331                    0.168                    0.147                    0.186          
N                                   73                       73                       73                       73                       73           
