                                   (1)                      (2)                      (3)                      (4)                      (5)                      (6)                      (7)           
                                  model1                   model2                   model3                   model4                   model5                   model6                   model7         
________________________________________________________________________________________________________________________________________________________________________________________________
(Intercept)                       13.561                   33.611                   33.283                   37.299                   33.777                   14.27                    34.837         
                                 (37.607)                 (33.039)                 (23.398)                 (23.172)                 (23.553)                 (37.918)                 (38.028)        
avg_commute                       -0.357                   -0.166                   -1.182                   -1.367                   -1.336                   -0.382                   -1.614         
                                 (0.857)                  (0.841)                  (0.912)                  (0.967)                  (0.969)                  (0.866)                  (1.009)         
male_epop                         83.91                                                                                                                       109.692                   85.569         
                                 (71.578)                                                                                                                    (105.713)                (103.572)        
rape_per_capita                 -11630.28                 -8022.13                -16099.828               -15540.297               -16831.859               -10466.687               -14719.695       
                               (18365.469)              (18677.814)               (17149.38)              (17220.357)              (17311.586)              (18815.206)              (18374.478)       
property_crime_per_capita         115.907                   92.187                  176.251                  178.362                  186.728                  101.363                  157.681         
                                 (225.16)                (230.793)                (216.357)                (218.062)                (218.635)                 (230.83)                (225.526)        
le_per_capita                    -208.895                 -177.022                 -121.456                 -207.507                 -152.028                 -214.758                 -181.291        
                                (404.729)                (406.428)                (390.292)                (391.739)                (397.425)                 (407.82)                (402.214)        
female_epop                                                37.693                                                                                             -29.498                  -98.151         
                                                          (60.358)                                                                                            (88.499)                 (91.63)         
male_wage_p50                                                                       1.821*                                            1.235                                             1.147          
                                                                                   (0.733)                                           (1.403)                                           (1.422)         
female_wage_p50                                                                                              2.362*                   0.935                                             1.397          
                                                                                                            (0.999)                  (1.904)                                           (1.993)         
________________________________________________________________________________________________________________________________________________________________________________________________
R2                                0.025                    0.011                    0.089                    0.082                    0.093                    0.027                    0.109          
N                                   73                       73                       73                       73                       73                       73                       73           
